1 100357
1 100982
1 106647
1 128290
1 142346
1 155770
1 244444
1 262499
1 276196
1 31219
1 327520
1 332814
1 336967
1 359819
1 378946
1 381023
1 383533
1 390285
1 403120
1 405196
1 40849
1 414635
1 417440
1 423839
1 425049
1 428166
1 432154
1 434654
1 438859
1 449340
1 453296
1 45863
1 461291
1 475601
1 477095
1 481404
1 486851
1 491433
1 498725
1 499374
1 501557
1 504546
1 506027
1 507925
1 509287
1 514893
1 519777
1 523996
1 526344
1 527399
1 529955
1 533795
1 539641
1 540118
1 540234
1 542743
1 544293
1 545201
1 551490
1 552337
1 555073
1 555100
1 555231
1 563458
1 564761
1 570543
1 572565
1 574270
1 577186
1 57767
1 578011
1 578200
1 581014
1 581718
1 581878
1 582189
1 583262
1 583762
1 584745
1 584982
1 587048
1 589070
1 589984
1 589987
1 589997
1 589998
1 590126
1 590216
1 593487
1 594071
1 594431
1 596706
1 597902
1 601545
1 603522
1 604042
1 605451
1 605733
1 608991
1 609415
1 610272
1 611390
1 613826
1 614026
1 615177
1 616073
1 616529
1 61673
1 617553
1 619007
1 620896
1 625571
1 626285
1 626836
1 627067
1 628072
1 630416
1 632361
1 633729
1 633731
1 635378
1 635392
1 637197
1 637400
1 637587
1 638031
1 640518
1 641525
1 641526
1 641616
1 641689
1 641735
1 642794
1 642881
1 645112
1 647486
1 647773
1 649612
1 70998
1 73639
1 81732
1 83703
1 86823
1 88319
1 91521
1 97073
1 99143
2 101556
2 106258
2 200501
2 225670
2 235891
2 253296
2 268
2 268439
2 276406
2 285803
2 286975
2 292464
2 300698
2 303074
2 312359
2 34932
2 367530
2 371026
2 379662
2 385097
2 403055
2 412582
2 417156
2 418285
2 437432
2 439113
2 448042
2 449255
2 455372
2 481752
2 486211
2 508254
2 517472
2 525146
2 525783
2 526387
2 530907
2 531707
2 532668
2 538328
2 544256
2 545361
2 548640
2 551061
2 554550
2 558637
2 560824
2 560857
2 561867
2 562974
2 563713
2 565737
2 570456
2 570779
2 570859
2 576943
2 57787
2 584515
2 585215
2 586583
2 589100
2 590061
2 592547
2 593283
2 593519
2 596944
2 599297
2 601081
2 604649
2 604828
2 614324
2 614600
2 620218
2 621709
2 624248
2 624820
2 627554
2 628739
2 629866
2 632979
2 636580
2 637134
2 637714
2 639632
2 640972
2 641541
2 642294
2 642352
2 642727
2 642758
2 642882
2 649888
2 66261
2 74586
2 81539
3 101134
3 102648
3 103732
3 131677
3 164588
3 17208
3 270771
3 280775
3 288506
3 322627
3 324855
3 326020
3 35482
3 3672
3 382174
3 385736
3 386609
3 390305
3 415122
3 416044
3 419488
3 423244
3 425299
3 433276
3 452039
3 452923
3 462864
3 468002
3 478427
3 486266
3 488989
3 504940
3 508682
3 508980
3 522688
3 526499
3 536752
3 539625
3 541219
3 541382
3 541772
3 548099
3 551625
3 563831
3 565699
3 576197
3 582028
3 582952
3 590062
3 590138
3 592300
3 597881
3 599112
3 60391
3 603959
3 608393
3 616220
3 617000
3 617627
3 622356
3 622664
3 625016
3 626593
3 628537
3 630315
3 631669
3 632960
3 633072
3 640445
3 641378
3 642435
3 642584
3 642845
3 646676
3 648927
3 75170
3 77910
3 78744
3 81632
3 83653
4 175291
4 249770
4 251350
4 265413
4 266021
4 288836
4 31777
4 322975
4 331333
4 332210
4 339383
4 435022
4 452017
4 464380
4 484966
4 491148
4 495176
4 499502
4 500575
4 505013
4 506016
4 522289
4 532277
4 533020
4 533049
4 539360
4 559311
4 559812
4 560675
4 562729
4 565740
4 570606
4 585489
4 585854
4 589747
4 590043
4 593461
4 597826
4 597972
4 599645
4 59992
4 607899
4 629226
4 633854
4 634337
4 634911
4 63559
4 637644
4 640907
4 640962
4 641808
4 642332
4 643817
4 72476
4 80811
4 81275
4 86659
4 87167
4 99655
5 155562
5 19108
5 227749
5 244490
5 251393
5 281544
5 297193
5 307447
5 326884
5 340539
5 342235
5 388281
5 410833
5 41796
5 466778
5 467071
5 477181
5 481672
5 491173
5 494584
5 499484
5 531865
5 545728
5 565092
5 565245
5 570967
5 572155
5 572984
5 575990
5 577222
5 586074
5 588196
5 589613
5 598942
5 610432
5 621369
5 624044
5 625905
5 626876
5 630074
5 631941
5 636737
5 638070
5 640203
5 642971
5 644677
5 647204
5 74394
5 76830
5 80606
5 80663
6 124593
6 209984
6 279655
6 318536
6 342259
6 343100
6 35187
6 36491
6 384845
6 42178
6 424212
6 440017
6 456285
6 457343
6 460162
6 463766
6 511905
6 51333
6 534084
6 540031
6 546028
6 547379
6 548532
6 549894
6 554385
6 554435
6 564236
6 574187
6 577539
6 580329
6 581855
6 584322
6 592353
6 592833
6 594614
6 598409
6 598839
6 602866
6 604443
6 610810
6 614987
6 625268
6 627329
6 631728
6 632188
6 632414
6 634765
6 636088
6 636965
6 637364
6 639700
6 642841
7 307668
7 417501
7 464420
7 471060
7 480146
7 497298
7 520517
7 544375
7 545711
7 555525
7 573879
7 58050
7 581861
7 582934
7 597993
7 613122
7 617367
7 629540
7 633370
7 636756
7 637832
7 641118
7 641848
7 642787
7 643224
7 647859
7 75489
7 78005
7 82898
7 97672
8 239110
8 267137
8 338942
8 3556
8 387095
8 425781
8 434032
8 480907
8 489466
8 499570
8 502997
8 516926
8 532549
8 536790
8 541209
8 556356
8 560118
8 578953
8 580368
8 590077
8 592045
8 603207
8 603447
8 604733
8 607429
8 610249
8 610811
8 620093
8 624924
8 631544
8 633761
8 635139
8 635142
8 635216
8 637349
8 639660
8 649585
8 80286
9 175483
9 374664
9 387919
9 392734
9 462767
9 477961
9 480521
9 532384
9 554822
9 564802
9 569133
9 579701
9 585101
9 609506
9 616580
9 619212
9 625719
9 635958
9 636577
9 637179
9 641062
9 642517
9 74917
10 299804
10 313491
10 387078
10 404867
10 430509
10 461402
10 472987
10 496250
10 541743
10 542111
10 559728
10 57393
10 581021
10 589208
10 594443
10 597411
10 597920
10 604897
10 615340
10 624999
10 627115
10 637371
10 642125
10 642546
10 642973
10 646011
10 81295
11 341999
11 388380
11 393520
11 405167
11 42079
11 472713
11 489068
11 496900
11 511164
11 521009
11 546711
11 576415
11 581746
11 595512
11 597296
11 597871
11 603878
11 603992
11 604542
11 608714
11 617173
11 623264
11 626850
11 633395
11 636051
11 640528
11 640843
11 643242
11 73524
11 85762
11 99516
12 290859
12 38564
12 403096
12 438703
12 453108
12 464063
12 480783
12 499180
12 522663
12 547714
12 576373
12 592447
12 605879
12 608995
12 609000
12 614159
12 621669
12 630517
12 637079
12 640379
12 646751
13 156095
13 236845
13 270342
13 399204
13 438486
13 452276
13 534492
13 544951
13 579642
13 582408
13 590225
13 596668
13 625215
13 629853
13 86796
14 32099
14 387594
14 469136
14 469878
14 528815
14 533382
14 574414
14 575302
14 57649
14 596784
14 621456
14 624840
14 633171
14 640243
14 648788
14 79408
15 100444
15 326137
15 428185
15 430464
15 52645
15 531782
15 541801
15 546924
15 551389
15 560176
15 565572
15 573198
15 596746
15 612245
15 620779
15 627422
15 639847
15 642379
16 155785
16 22399
16 332841
16 424949
16 437801
16 458462
16 509884
16 519610
16 521446
16 562487
16 586578
16 596341
16 631156
16 634301
16 635749
16 643924
17 143117
17 148551
17 269092
17 307130
17 362362
17 475781
17 547495
17 600066
17 642273
17 6671
17 78835
18 243647
18 385728
18 391967
18 477484
18 503575
18 532274
18 58683
18 603203
18 624844
18 630125
18 642865
18 80282
18 83779
19 1885
19 26640
19 337383
19 392829
19 47988
19 552069
19 556034
19 560048
19 567792
19 582360
19 58746
19 597834
19 597908
19 607154
19 625111
19 631969
19 641551
19 642666
19 642824
20 368580
20 551055
20 565119
20 569762
20 579205
20 583956
20 619615
20 625286
20 627164
20 637219
20 639768
20 647546
21 195796
21 238768
21 539064
21 553870
21 559132
21 576412
21 583193
21 641883
22 303612
22 336706
22 439248
22 449094
22 499420
22 531263
22 587511
22 587560
22 597846
22 71021
23 326396
23 340354
23 478456
23 48745
23 598075
23 632754
23 69582
24 270674
24 304047
24 498685
24 519574
24 571073
24 57654
24 585375
24 596027
24 600440
24 630491
25 254026
25 433808
25 540208
25 550802
25 582884
25 596135
25 598536
25 610282
25 627626
26 391228
26 405057
26 587586
26 598335
26 604371
27 307235
27 48078
27 488202
27 520952
27 609563
27 621636
27 627526
27 636160
28 388405
28 475673
28 560991
28 584281
28 614800
28 617328
29 579905
29 620438
29 627185
29 99576
30 439230
30 461147
30 472924
30 491263
30 589753
30 590231
31 353888
31 475005
31 523471
31 551313
31 590037
31 600158
31 61718
31 629818
31 637454
31 637873
31 87329
32 25731
32 474881
32 481479
32 537782
32 584526
32 623269
32 633228
32 635672
32 642103
33 345941
33 37013
33 416735
33 435155
33 486308
33 548442
33 575159
33 581124
33 604878
33 636134
34 243815
34 328022
34 343691
34 607984
34 609557
35 101149
35 424737
35 472684
35 491055
35 53395
35 549347
36 603575
36 623594
36 83455
37 386228
37 450679
37 580464
37 632829
37 638131
37 87359
38 207753
38 36522
38 411314
38 496991
38 577932
38 641498
38 85010
39 226142
39 314871
39 474162
39 562856
39 589777
39 617592
40 575210
40 582306
40 582603
40 641468
40 71452
41 291454
41 371571
41 481495
41 526380
41 542661
41 559948
41 587124
41 590140
41 594650
41 637114
42 582300
42 73899
43 481430
43 514090
43 522026
43 606615
44 560121
46 269420
46 583082
46 584088
46 609575
47 533768
48 199529
48 239824
48 241644
48 397043
48 431642
48 535408
48 592577
48 597750
48 634424
49 487935
49 565062
50 587294
50 592135
50 617607
50 62052
51 564174
51 582071
51 622836
52 614686
52 616899
53 247328
53 592172
53 595592
53 598623
54 478917
54 525164
55 610154
55 627872
56 632809
57 556269
57 615838
58 424059
58 49148
58 533452
59 596134
59 619011
60 640742
61 106007
61 562839
62 457433
63 204453
63 574026
63 636760
63 76566
63 93810
64 236226
64 594592
65 392043
65 498044
65 632202
66 571465
67 582317
68 503170
68 641206
68 642165
69 584964
69 631470
70 414981
70 642690
71 163771
71 86594
72 501903
73 549114
73 565710
75 624115
75 633659
77 57581
77 600456
77 642849
78 472252
78 585186
78 626695
78 7089
82 608933
83 553842
83 82221
84 604452
89 477584
89 625938
89 636781
90 620819
91 57562
91 581764
92 327286
96 239555
96 565159
96 570814
98 626252
99 300843
99 615153
101 533573
101 558400
102 510187
102 614158
104 594192
104 611954
107 330261
109 387408
109 503675
110 322246
110 572316
111 458505
111 528046
114 570841
118 599142
119 237970
120 558421
122 231942
122 489361
122 597258
123 489054
124 587579
125 537645
125 549366
127 593286
129 560236
129 606457
136 517511
136 637041
137 583834
140 638129
141 17824
142 83520
144 610473
144 624524
144 92737
145 592665
148 51434
149 625783
150 577031
152 495463
154 627891
157 535822
159 434439
162 258550
163 595453
166 254686
168 595066
169 564659
173 636656
174 605599
175 554419
182 114433
192 166009
194 104211
194 619318
197 587309
200 608836
205 601362
216 159800
216 303153
223 565556
225 577382
230 488995
240 412740
242 603952
252 44450
253 580856
258 635358
267 645753
271 580984
274 516148
274 585503
307 616647
314 507719
331 573985
368 617168
400 629131
405 615979
439 560528
443 594014
457 611667
458 629415
472 7689
504 596325
510 593158
526 615147
551 625892
593 631171
629 464244
689 641158
702 568300
708 538812
711 597923
762 577152
770 603426
886 646917
892 634723
926 635329
1070 531457
1219 592849
1242 526459
1303 632477
1558 1
1803 612295
1954 615315
2359 405431
3006 127914
3034 623474
3450 501449
4516 589227
6737 626246
9689 389877
12135 632071
17484 604891
18762 597566
867204 629927
1 102648
1 128290
1 189449
1 218217
1 253296
1 262499
1 266363
1 270771
1 285803
1 292464
1 295366
1 326884
1 332814
1 335125
1 350250
1 359819
1 369354
1 371026
1 371628
1 378796
1 38566
1 385736
1 397199
1 403120
1 404022
1 405196
1 414635
1 415122
1 419488
1 423244
1 423839
1 425049
1 432154
1 444799
1 445546
1 448042
1 45613
1 480907
1 485616
1 495176
1 504546
1 508254
1 511905
1 514127
1 514924
1 519777
1 52076
1 524623
1 525146
1 526344
1 529955
1 530827
1 530907
1 531590
1 531707
1 533795
1 536752
1 537126
1 538328
1 539117
1 541999
1 543372
1 543799
1 545201
1 547378
1 548099
1 548640
1 554550
1 555100
1 557155
1 559311
1 560118
1 560675
1 562729
1 562974
1 563449
1 565699
1 567770
1 570779
1 572984
1 576197
1 577186
1 57767
1 577838
1 57787
1 578011
1 578200
1 580042
1 581718
1 582189
1 582504
1 585489
1 589070
1 589747
1 590138
1 593519
1 595995
1 596706
1 597602
1 597902
1 599112
1 601659
1 607028
1 607699
1 608991
1 61126
1 61673
1 617553
1 621116
1 621709
1 624044
1 624246
1 624498
1 625571
1 628739
1 629857
1 629866
1 630315
1 630514
1 631599
1 631669
1 631952
1 632768
1 632960
1 633729
1 633731
1 636580
1 637714
1 640445
1 640962
1 642729
1 642794
1 642882
1 642971
1 650141
1 66261
1 69625
1 70998
1 73639
1 75489
1 77910
1 83653
1 86659
1 86823
1 90706
1 91273
1 91521
1 97073
2 100748
2 103732
2 106258
2 112355
2 155562
2 155770
2 156244
2 17208
2 19108
2 200501
2 231599
2 235891
2 235910
2 244444
2 251350
2 257827
2 276196
2 280775
2 281544
2 288979
2 303074
2 307447
2 307668
2 311055
2 326020
2 331333
2 332210
2 367530
2 379662
2 381023
2 390285
2 391619
2 412582
2 416044
2 423152
2 425299
2 428166
2 434654
2 435022
2 453296
2 461291
2 462910
2 475402
2 475601
2 477095
2 478427
2 497575
2 501557
2 516926
2 532277
2 532668
2 540118
2 542743
2 544048
2 544293
2 551061
2 551625
2 555525
2 558637
2 559812
2 560824
2 561867
2 564761
2 565737
2 570606
2 570859
2 572565
2 576943
2 577396
2 579156
2 581014
2 583262
2 589669
2 590126
2 592547
2 594071
2 594431
2 596944
2 597858
2 597972
2 598464
2 599297
2 601081
2 605733
2 608393
2 610432
2 614324
2 614987
2 617000
2 617627
2 619007
2 622356
2 622664
2 623319
2 624924
2 630416
2 631941
2 635383
2 637134
2 639632
2 640242
2 640972
2 641062
2 641525
2 642845
2 645488
2 646581
2 649888
3 106647
3 268
3 268439
3 276406
3 288836
3 300698
3 31219
3 318536
3 327520
3 336967
3 34932
3 35187
3 35482
3 3556
3 386609
3 388281
3 390305
3 410833
3 424212
3 433276
3 452923
3 471060
3 504940
3 506027
3 522688
3 526499
3 531865
3 536790
3 539641
3 541382
3 548532
3 560857
3 570967
3 573879
3 574187
3 575990
3 577222
3 580368
3 582028
3 586360
3 589100
3 589613
3 589987
3 590061
3 590062
3 590216
3 593461
3 598409
3 599645
3 601545
3 603522
3 603959
3 610272
3 617367
3 620896
3 625905
3 626593
3 627554
3 635958
3 637197
3 638031
3 638070
3 640518
3 641616
3 641689
3 641735
3 642841
3 647486
3 648927
3 75170
3 76830
3 81632
3 82898
3 99143
4 101556
4 124593
4 239110
4 251393
4 297193
4 339383
4 342235
4 382174
4 42178
4 439113
4 452017
4 461402
4 464380
4 486211
4 488989
4 491148
4 506016
4 508682
4 534046
4 539625
4 545361
4 565092
4 574270
4 574414
4 588196
4 592833
4 597411
4 597920
4 598839
4 598942
4 60391
4 604443
4 604649
4 604828
4 607899
4 609415
4 614600
4 616073
4 620093
4 620218
4 624248
4 625016
4 625719
4 629226
4 63559
4 636737
4 637364
4 641526
4 642332
4 643817
4 645112
4 72476
4 78005
4 80811
4 87167
5 164588
5 209984
5 266021
5 322627
5 340539
5 3672
5 384845
5 385097
5 387919
5 403055
5 404867
5 41796
5 418285
5 455372
5 460162
5 463766
5 481672
5 48745
5 499484
5 500575
5 517472
5 523996
5 525783
5 527399
5 544375
5 554385
5 565740
5 584515
5 592300
5 592353
5 603992
5 608714
5 613122
5 613826
5 614026
5 616220
5 626876
5 628537
5 631728
5 633072
5 633854
5 635216
5 640203
5 640907
5 641808
5 642546
5 644677
5 647204
5 73524
5 74394
5 81295
6 101134
6 175291
6 227749
6 312359
6 31777
6 342259
6 403096
6 417501
6 425781
6 430509
6 434032
6 440017
6 452039
6 456285
6 472987
6 477181
6 489466
6 496250
6 502997
6 51333
6 522289
6 533020
6 544256
6 545711
6 546028
6 549894
6 554435
6 556356
6 565245
6 579701
6 594614
6 595512
6 59992
6 604897
6 610249
6 610811
6 617173
6 617852
6 624820
6 632414
6 636088
6 636756
6 636965
6 637179
6 637371
6 637644
6 637832
6 639700
6 640528
6 641118
6 641541
6 642435
6 80286
6 80606
6 80663
6 97672
7 270342
7 322975
7 338942
7 341999
7 38564
7 387078
7 417156
7 452276
7 462864
7 464420
7 467071
7 469878
7 480783
7 494584
7 499502
7 511164
7 532549
7 564236
7 584322
7 592045
7 596341
7 596668
7 602866
7 624999
7 632188
7 633370
7 633761
7 634911
7 635142
7 641378
7 642294
7 88319
8 131677
8 175483
8 313491
8 457343
8 480146
8 480521
8 484966
8 497298
8 505013
8 541219
8 542111
8 544951
8 545728
8 58050
8 581021
8 582408
8 585854
8 594443
8 597871
8 603207
8 603447
8 604733
8 607429
8 619212
8 627329
8 629540
8 630074
8 631544
8 634337
8 639660
8 640379
8 641848
8 642125
8 642352
8 647859
8 78744
8 81275
9 288506
9 343100
9 362362
9 388380
9 437801
9 477961
9 521009
9 528815
9 534084
9 534492
9 541743
9 546711
9 554822
9 562487
9 576415
9 577539
9 582934
9 586074
9 589208
9 603878
9 612245
9 615340
9 621369
9 624840
9 633395
9 643224
9 646011
9 85762
10 267137
10 286975
10 42079
10 468002
10 496900
10 520517
10 541209
10 569133
10 572155
10 57393
10 57649
10 578953
10 581861
10 590077
10 597826
10 621456
10 625268
10 631969
10 633171
10 634765
10 636577
10 648788
10 649585
10 74917
10 99516
10 99655
11 100444
11 22399
11 236845
11 249770
11 387095
11 405167
11 486266
11 491173
11 499420
11 499570
11 508980
11 541801
11 546924
11 556034
11 564802
11 573198
11 576412
11 592447
11 597296
11 605879
11 607154
11 609506
11 616580
11 620779
11 621669
11 627115
11 627422
11 630517
11 642273
11 642379
11 643242
12 148551
12 290859
12 36491
12 392734
12 453108
12 464063
12 466778
12 472713
12 540031
12 560048
12 581746
12 596784
12 610810
12 625215
12 626850
12 634301
12 637349
12 83779
13 244490
13 269092
13 279655
13 299804
13 332841
13 399204
13 405057
13 438703
13 475781
13 503575
13 519610
13 522663
13 551389
13 579642
13 586578
13 604542
13 635139
13 636051
13 642517
13 642973
14 156095
14 340354
14 430464
14 438486
14 462767
14 477484
14 52645
14 579205
14 580329
14 609000
14 640843
15 143117
15 304047
15 393520
15 469136
15 489068
15 532384
15 581855
15 585101
15 58683
15 590225
15 609563
15 614159
15 631156
16 26640
16 387594
16 424949
16 428185
16 433808
16 458462
16 531782
16 547495
16 565119
16 576373
16 583193
16 603203
16 635749
16 639847
16 641551
16 79408
17 307130
17 326137
17 391967
17 435155
17 47988
17 509884
17 565572
17 582360
17 597908
17 600440
17 608995
17 621636
17 623264
17 646751
18 155785
18 337383
18 521446
18 559728
18 567792
18 587560
18 597834
18 598536
19 1885
19 238768
19 326396
19 424737
19 532274
19 552069
19 560176
19 569762
19 583956
19 597993
19 609557
19 614800
19 624844
19 625111
19 629853
19 630491
19 637079
19 642787
19 6671
19 80282
20 368580
20 449094
20 478456
20 486308
20 531263
20 571073
20 596746
20 597846
20 637219
20 637873
20 640243
20 647546
21 270674
21 374664
21 392829
21 498685
21 499180
21 533382
21 575302
21 587511
21 627164
22 32099
22 388405
22 547714
22 600066
22 620438
22 627526
22 642666
22 86796
23 336706
23 343691
23 559132
23 582884
23 589753
23 596135
23 604371
23 604878
23 610282
23 625286
23 632754
23 642865
24 385728
24 57654
24 636160
24 69582
25 243647
25 439248
25 48078
25 539064
25 562856
25 603575
25 633228
26 472924
26 584281
26 58746
26 590231
26 598075
26 630125
26 87329
27 439230
27 491263
27 553870
27 581124
27 585375
27 587586
27 617328
27 627626
27 629818
27 71021
28 416735
28 540208
28 542661
29 101149
29 254026
29 328022
29 345941
29 481495
29 522026
29 550802
29 551055
29 590037
29 598335
29 619615
29 636134
29 78835
30 475673
30 520952
30 587124
30 637454
30 99576
31 269420
31 391228
31 474162
31 475005
31 560991
31 594650
31 627185
31 641883
31 642103
31 642824
31 643924
32 243815
32 314871
32 496991
32 590140
32 639768
33 195796
33 488202
33 519574
33 549347
33 582071
33 623594
33 638131
34 25731
34 291454
34 353888
34 537782
34 592135
34 596027
34 617592
35 303612
35 450679
35 481479
35 491055
35 523471
35 551313
35 559948
35 623269
36 36522
36 37013
36 472684
36 474881
36 481430
36 61718
37 411314
37 535408
37 575159
37 577932
37 582300
37 589777
37 598623
37 632829
37 635672
38 386228
38 584088
38 595592
38 62052
38 85010
39 199529
39 307235
39 582603
40 587294
41 580464
42 582306
42 607984
42 71452
42 73899
43 478917
43 584526
43 609575
43 634424
43 642165
44 560121
44 592577
44 597750
44 641468
44 83455
45 498044
45 526380
45 592172
46 525164
46 594592
46 600158
47 207753
47 564174
48 556269
48 606615
48 622836
49 431642
49 533452
49 53395
49 579905
49 617607
49 641498
50 241644
50 247328
50 575210
52 239824
52 637114
53 371571
53 424059
53 548442
53 584964
54 226142
54 461147
54 562839
54 583082
54 596134
54 615838
54 616899
54 87359
54 93810
55 632202
55 640742
55 86594
56 533768
56 627872
57 619011
58 472252
58 49148
59 204453
59 487935
60 397043
60 514090
60 571465
61 501903
62 565062
62 82221
63 614686
63 641206
64 392043
64 626695
64 636781
65 414981
66 236226
66 457433
67 610154
67 624115
68 574026
68 608933
68 631470
68 632809
69 163771
69 582317
69 614158
70 585186
70 636760
71 503170
72 600456
74 76566
75 7089
77 625938
77 642690
78 642849
80 553842
82 57581
82 604452
82 633659
84 106007
84 510187
84 549114
85 565710
87 611954
89 327286
89 581764
93 570814
95 477584
97 330261
99 322246
100 57562
101 239555
102 626252
105 237970
105 533573
105 620819
106 387408
108 528046
108 599142
109 300843
110 570841
110 615153
111 565159
114 458505
115 503675
115 549366
116 560236
116 594192
117 517511
117 537645
119 558400
120 597258
121 489054
122 231942
123 587579
126 489361
126 624524
129 593286
129 638129
132 558421
134 625783
135 92737
138 572316
138 606457
141 577031
141 637041
143 583834
143 610473
144 114433
144 495463
147 592665
148 258550
151 564659
152 627891
153 17824
153 83520
158 535822
159 595453
159 636656
161 595066
162 51434
164 434439
165 554419
173 608836
177 254686
179 601362
185 605599
188 619318
189 166009
189 577382
194 587309
198 303153
210 565556
211 104211
219 159800
221 603952
240 645753
249 488995
250 412740
258 580984
261 44450
265 516148
266 616647
269 585503
271 507719
271 580856
275 635358
293 573985
375 617168
382 615979
410 594014
436 611667
445 629131
447 7689
456 560528
486 615147
491 629415
516 593158
524 631171
543 625892
558 596325
649 464244
655 568300
682 577152
686 641158
689 597923
716 538812
749 603426
854 646917
958 634723
959 635329
1078 531457
1191 526459
1280 592849
1302 632477
1562 1
1853 612295
2075 615315
2311 405431
2963 623474
3050 127914
3310 501449
4497 589227
6664 626246
9559 389877
11946 632071
17011 604891
18435 597566
870682 629927
